|K| = 5, |J| = 50

q_k
100
300
400
200
100

r_jk
0	177	0	120	0
0	85	129	84	55
27	51	0	0	0
0	0	36	0	0
42	0	226	0	0
0	115	0	0	0
52	163	172	33	0
0	0	214	70	0
42	0	0	0	46
0	0	176	107	0
0	163	0	0	0
20	164	201	48	48
17	0	0	0	0
0	166	0	114	0
0	106	0	0	0
8	0	0	0	0
0	0	0	0	55
41	0	141	0	0
0	29	118	84	29
6	0	145	0	22
0	0	32	0	0
22	165	0	98	0
24	0	223	0	0
51	0	0	111	0
56	0	142	0	0
46	0	0	0	0
0	0	0	117	9
0	0	0	24	0
0	31	0	0	40
57	0	158	0	57
35	0	128	0	0
42	0	0	0	29
26	0	0	0	0
41	66	0	0	11
57	48	0	0	0
0	149	0	58	0
23	0	0	0	0
32	0	52	0	49
0	0	0	0	35
17	85	80	0	0
0	168	0	0	0
0	147	129	0	0
39	59	0	0	0
12	0	0	75	0
14	126	0	88	26
30	0	188	0	0
0	0	0	69	0
0	0	33	0	0
15	81	0	119	0
0	75	0	0	0

ro_j
1
10
2
6
1
2
9
1
10
6
6
5
7
2
4
2
9
4
6
8
1
2
8
1
5
6
6
4
2
5
5
8
5
7
8
6
8
4
3
9
4
9
2
8
3
10
6
1
9
6

Отношения предшествования (нумерация с 0):
0->2
2->6
4->6
6->3
3->7
7->24
24->19
17->18
18->19
20->24
25->19
29->25
19->32
32->38
36->33
34->33
33->38
38->37
37->42
42->45
45->49
47->44
46->44
44->43
43->49